750
420
268
819
1
299
276
42
804
827
971
722
516
521 522
591
905
640
233
515
358
60
734
852
895
208
699 700
178
959
279
663
380
530
25
602
332
354
561
167
9
75
616
502
70
888
141
702
712
431
14
790
706
50
963
623
397
845
629
747
4
298
754
854
601 603
536
34
954
540
592
842
377
314
41
361
317
635 636
791
950
90
646
84 85
92
657 659
829
878
970
296
938
293
479
531
848
381
826
100
639
74
196
436
880
223 224
533
784
654
865
549
275
931
254
241
391
218 221
315
418 419
300
451
514
869
222
485
745
220
98
323
193
994
922
729
900
812
916 918
127
17
76 79
570
951
822
742
125
24
550
139
998
761
251
596
448
107
567
904 909
23
595 598
935
772
48
597
33
321 322
504
976
491
347
329
59 61
557
468
351
158 160
969
774 781
962
802
575
435
677
374
149
181
404
282
39
989
370
546
132
176
28
863
693
604
589 590
379
849
964
442
78
357
421
116 117
944
534 535
937 940
120
325
638
746
170
913
345 350
782 783
394 395
671
776
695 696
927 928
3
229
576
560
62
0 2
996 999
738
261
628 630
821
428 432
378
159
464 465
480
902 903
569
710 711
256 257
303
593
283
749 750
463
579 580
859
562 563
236 237
444 445
173 175
771
914
818 824
645
538
652
983
35
770 773
352
649
726 731
123 124
743
648
509
56
305
665 666
707
131 133
21
393
284
564 566
626
893
884 885
871 872
501 503
83
161 162
967 968
694
71 72
326
667
532
499
723
627
270 271
823
265
447 449
197
887
724
553 558
786
217
621
22
775
46 47
890
29
342
675 676
870
57 58
77
713
306 307
797 798
249 250
704
174
545 547
680
398 399
751 752
433
730
308
64 65
144 146
855
599 600
980 981
202
252 253
281
228
122
450
335 336
312
330 331
477
836
977 979
611
741
198 199
766
705 709
506
7
614
748
891 892
716 717
843
851
188 190
11
809
921
483
510 511
209
613
727
73
633 634
455 458
239
651 653
925
728
840 841
369
941 943
655
5
860
434 437
166
302
472
86 88
559
952 953
201
121
466 469
588
997
415 417
785
186
898 901
908
490 492
787
246 248
807
714 715
212
688
80 82
682
180 182
594
138 143
387
497
135
568 571
140
673 674
474 475
607 608
462
834 835
691
177
247
642
917
255
145
768
403 405
364
473
644
309
956 957
45
762 763
650
555
986
948
346
191 195
194
179
926
958 960
106
624 625
539
310 318
875
486
94 95
966
889
924
446
89
690
285 288
13
606
230
618 619
453
799
910 911
439
348
258
129 130
933
356
297 304
113
523 524
440
406
6 8
554
517 518
647
500
825 828
260
767
877
894 897
68 69
692
274
324 327
103
213
286
426 427
386 388
112
240
111
20 26
528 529
581 582
669
372 373
641
992
147 150
429
793 794
203
334
118 119
156 157
882 883
537 542
43
459 461
556
923
660 661
972
422 424
102 104
320
337 338
610
291 295
171 172
294
396
780
800 801
110
423
277
778
340
243 244
488
736
301
66 67
456
15 18
187
788 789
232
496 498
460
874
831
40 44
686 689
16
114 115
19
808 810
990 991
697 698
272
507
430
333
609 612
899
583 585
681 683
757
494 495
906
765 769
719
384 385
839
136
168 169
811
896
987
873 876
367
99 101
525 527
679
238 242
206 207
10 12
163 165
844
263 264
631 632
493
438 443
541
942
815
574
353 355
416
413 414
551
273 280
708
886
214 215
142
857 858
739
484 487
733
879 881
287
211
850
620 622
756
154
759 760
907
725
343 344
235
519
720 721
52 53
668 670
678
912 915
210
231 234
266 269
38
586 587
735 737
164
226 227
932 934
407 408
400
216
476 478
805 806
656
508
183 185
319
375 376
81
189
316
701 703
565
732
615 617
489
978
548 552
54 55
961 965
365 366
91 93
584
412
684 685
687
832 833
151 152
919 920
975
31 32
27 30
481 482
936
764
803
866 868
457
267
96 97
411
973 974
662 664
205
982 984
520
382 383
134 137
467
861 862
360
470 471
389
339 341
864
947 949
777
148
192
105 108
63
505
259 262
390 392
368 371
441
718
126 128
816 817
313
401 402
846 847
939
526
452 454
512 513
289 290
184
755
153 155
672
225
87
328
795 796
820
109
543 544
292
572 573
792
362
985 988
753 758
278
955
219
993 995
779
867
605
740 744
637 643
425
49 51
853 856
245
577 578
409 410
945 946
359 363
349
311
813 814
830
837 838
658
929 930
36 37
200 204