727
1
985 988
969
947 949
932 934
978
982 984
971
956 957
977 979
929 930
973 974
972
970
961 965
958 960
967 968
926
914
873 876
959
871 872
936
951
952 953
962
948
902 903
896
937 940
916 918
986
987
955
919 920
866 868
975
840 841
886
954
941 943
819
808 810
792
831
825 828
912 915
759 760
927 928
980 981
935
906
875
857 858
894 897
933
889
888
966
846 847
890
939
899
898 901
884 885
945 946
891 892
893
879 881
830
845
803
837 838
913
834 835
882 883
963
921
908
839
950
816 817
904 909
852
895
878
844
832 833
905
836
723
964
869
931
910 911
822
843
795 796
851
907
802
826
677
735 737
658
880
780
860
820
800 801
775
853 856
771
900
877
827
812
638
887
793 794
615 617
942
976
938
815
807
724
776
818 824
747
727
813 814
842
718
728
736
726 731
850
983
797 798
762 763
770 773
922
829
804
788 789
865
799
823
867
778
732
755
791
786
768
749 750
742
722
725
854
730
741
740 744
765 769
861 862
809
774 781
764
719
706
675 676
705 709
870
777
713
701 703
855
923
944
684 685
924
702
753 758
925
662 664
779
695 696
864
805 806
697 698
787
720 721
874
746
714 715
745
699 700
609 612
660 661
821
782 783
716 717
637 643
751 752
644
743
668 670
707
681 683
665 666
757
863
663
657 659
624 625
572 573
680
754
543 544
654
761
710 711
686 689
629
712
631 632
620 622
688
772
756
379
633 634
618 619
606
790
651 653
627
431
539
555
729
708
589 590
534 535
628 630
738
671
635 636
579 580
530
595 598
562 563
607 608
601 603
584
574
641
528 529
645
652
673 674
293
650
551
501 503
583 585
435
599 600
623
428 432
646
679
594
849
457
581 582
669
692
586 587
404
733
648
649
734
362
546
494 495
533
565
604
561
497
516
682
667
596
691
576
550
553 558
614
605
591
577 578
917
570
704
556
536
507
521 522
489
549
386 388
456
694
554
526
512 513
616
642
440
523 524
517 518
557
525 527
568 571
678
446
500
647
564 566
426 427
785
407 408
848
368 371
508
656
502
537 542
490 492
538
122
477
481 482
559
560
611
485
499
452 454
474 475
640
545 547
531
687
484 487
135
438 443
466 469
593
510 511
588
739
613
308
470 471
476 478
406
434 437
459 461
597
569
472
473
639
423
394 395
367
610
439
415 417
548 552
496 498
859
444 445
567
767
515
463
468
447 449
460
784
390 392
416
602
506
455 458
401 402
409 410
514
462
467
450
442
421
398 399
509
504
488
413 414
672
493
451
42
412
436
382 383
353 355
621
532
491
486
391
329
375 376
464 465
321 322
480
422 424
393
345 350
520
505
387
430
359 363
389
690
384 385
372 373
540
483
282
300
170
299
276
186
298
292
268
191 195
351
365 366
357
192
188 190
189
378
320
575
337 338
335 336
328
381
343 344
479
370
306 307
352
256 257
144 146
425
655
433
275
418 419
441
339 341
330 331
348
270 271
107
448
261
283
397
313
311
303
230
231 234
364
403 405
228
324 327
360
369
334
281
251
241
196
377
374
254
342
291 295
310 318
361
302
312
284
286
411
340
349
279
105 108
247
305
323
267
259 262
255
380
356
285 288
246 248
453
358
297 304
265
226 227
314
592
541
519
346
235
243 244
811
396
347
214 215
273 280
289 290
766
287
277
198 199
301
219
278
222
35
213
171 172
205
260
197
173 175
193
309
252 253
181
296
333
326
429
159
238 242
236 237
319
263 264
317
161 162
200 204
249 250
332
274
216
400
153 155
325
179
266 269
229
225
218 221
212
315
180 182
176
166
164
154
103
693
148
209
194
94 95
187
145
168 169
223 224
220
126 128
217
138 143
136
208
156 157
201
121
245
174
163 165
240
420
140
102 104
56
272
90
113
86 88
211
354
147 150
29
83
50
183 185
210
258
120
127
81
91 93
316
131 133
206 207
57 58
59 61
125
149
203
33
45
11
14
116 117
66 67
134 137
151 152
114 115
76 79
99 101
92
24
84 85
13
17
7
28
4
49 51
294
75
142
62
0 2
19
118 119
239
177
167
110
71 72
48
158 160
23
54 55
139
129 130
112
111
109
74
100
78
43
106
15 18
98
27 30
40 44
73
60
22
89
9
80 82
31 32
6 8
178
68 69
184
96 97
38
141
25
233
77
123 124
21
36 37
3
46 47
16
34